## ListNet
## Epochs = 1500
## No. of features = 19
1 2 3 4 5 6 7 8 9 10 11 12 13 14 15 16 17 18 19
0
0 0 -0.041414036367372245
0 1 0.7578633950518971
0 2 0.007916114852311713
0 3 -0.008988100290298461
0 4 0.01791108883586639
0 5 0.011874938576795321
0 6 0.10160880756108426
0 7 -0.047780195955500766
0 8 -0.01224697267793797
0 9 0.08448425638436657
0 10 -0.05560666622089987
0 11 -0.024857131578028203
0 12 0.02151112515868979
0 13 0.0031109552456359464
0 14 0.03142916732228271
0 15 -0.04585855081670626
0 16 0.73863960713243
0 17 0.5638097270623412
0 18 -0.016191548108927655
0 19 0.0015980551019310952
