## ListNet
## Epochs = 1500
## No. of features = 19
1 2 3 4 5 6 7 8 9 10 11 12 13 14 15 16 17 18 19
0
0 0 -0.18780821856193258
0 1 0.7158669951422668
0 2 -0.021459361165271012
0 3 0.006475542555563152
0 4 -0.007841322495086586
0 5 0.03289678724559758
0 6 0.026092978981756006
0 7 -0.016816792603984332
0 8 0.02188061776446478
0 9 0.09905909101017474
0 10 -0.049204032186255756
0 11 -0.028873390704393386
0 12 0.024588181768188343
0 13 0.021531474773321083
0 14 -0.0041594221953567085
0 15 -0.02700765170145137
0 16 0.6620661797149195
0 17 0.4891729974491458
0 18 0.021321741864157258
0 19 -0.0030898401513695718
