## ListNet
## Epochs = 1500
## No. of features = 19
1 2 3 4 5 6 7 8 9 10 11 12 13 14 15 16 17 18 19
0
0 0 -0.04545961807937578
0 1 0.7746897052278096
0 2 0.01719204317825091
0 3 0.005876555666327476
0 4 0.025034219852837852
0 5 0.031232417928422705
0 6 0.07187275926707948
0 7 -0.09445482172307446
0 8 0.043679283220744825
0 9 0.052665079621887975
0 10 -0.04239027273203106
0 11 0.00038240998983383177
0 12 0.05049525238578306
0 13 0.05545004831268372
0 14 0.028923964865935143
0 15 -0.030990905500869737
0 16 0.7483629843402111
0 17 0.6071466145057796
0 18 -0.02986998055117594
0 19 0.01932607769849907
