## ListNet
## Epochs = 1500
## No. of features = 19
1 2 3 4 5 6 7 8 9 10 11 12 13 14 15 16 17 18 19
0
0 0 -0.20669862922244647
0 1 0.7030402362777488
0 2 -0.015773547254024856
0 3 0.06512312889099121
0 4 0.06660862868155702
0 5 0.09039932567514289
0 6 0.02224533735742775
0 7 -0.047475703856760296
0 8 0.01643535174192847
0 9 0.06620798612905368
0 10 -0.04093894680842134
0 11 -0.013160559721291066
0 12 0.005073520495514244
0 13 -0.014708297380892446
0 14 -0.02437557748768781
0 15 0.04181223884233453
0 16 0.720266837360076
0 17 0.5658280830713548
0 18 0.012960757315274329
0 19 -0.030932709202170373
