## RankNet
## Epochs = 100
## No. of features = 19
## No. of hidden layers = 1
## Layer 1: 10 neurons
1 2 3 4 5 6 7 8 9 10 11 12 13 14 15 16 17 18 19
1
10
0 0 -189003.8006477156 -188380.41664667192 506931.9667140204 509741.29967787134 -188489.3560364439 -187876.7813558125 -188500.49671646263 -188356.8998328743 509150.45657000697 509549.43508601695
0 1 132181.63985390076 131744.55627802742 -367212.2654878614 -369251.26950100507 131820.6408840826 131391.53710442776 131828.7927790579 131728.25778247917 -368825.0562468102 -369114.93102470366
0 2 -32499.643724794863 -32392.453929503616 -51098.08278474327 -51367.13100221369 -32411.167174633512 -32304.957649097178 -32412.939852480355 -32387.988553161857 -51337.774709469566 -51381.37486618488
0 3 0.034776996821165085 -0.0020985365845263004 0.019022637978196144 -0.010596293024718761 -0.028562938794493675 0.04455937072634697 -0.012179541401565075 0.08591627329587936 -0.07860586792230606 -0.09231685101985931
0 4 13404.197026020176 13360.009464260565 -34621.32659594679 -34813.33278561401 13367.828532183341 13324.385322947881 13368.548210806659 13358.437669328936 -34773.54663919458 -34800.521765818965
0 5 14451.675410990372 14403.963522511694 -37466.4138865558 -37673.878439296765 14412.361252435967 14365.374245773031 14413.185992543533 14402.240765440525 -37631.68747001586 -37660.787404155206
0 6 14346.674154529745 14299.221858728124 -37168.997597215915 -37374.351834014735 14307.569842806206 14261.036227994224 14308.327152900112 14297.469766834722 -37333.546076543855 -37362.549099663396
0 7 -13308.259158526706 -13264.462140898328 34367.35298332202 34558.01786893169 -13272.085824504682 -13228.951450482946 -13272.915210422694 -13262.688352339143 34518.59678180758 34545.34555519506
0 8 4540.778835629306 4525.877312355113 -10663.59673658451 -10723.538987230764 4528.402381438424 4513.705296136605 4528.587874539781 4525.30106243414 -10710.964155898933 -10718.980025119907
0 9 13733.9874040422 13688.691202120606 -35410.136376152244 -35606.03471335077 13696.46597170323 13651.96090648091 13697.359169869276 13686.939602482329 -35566.75402445831 -35594.2499978334
0 10 -11844.581688073078 -11805.325220978431 30784.2761004572 30954.269305246937 -11812.077233056427 -11773.762526754395 -11812.814354918308 -11803.927629542159 30921.345448750926 30945.3840602091
0 11 -0.044533513486385345 0.061740387231111526 0.07851371169090271 -0.08624671399593353 0.09168073534965515 0.09327434748411179 0.02142537757754326 0.09204436838626862 0.06931278109550476 0.08779503405094147
0 12 9227.790678323325 9197.25448249778 -23730.869448706886 -23861.705988961843 9202.684295282725 9172.725928325848 9203.153550298699 9196.164207602444 -23837.48726400809 -23855.858408586464
0 13 9590.251384113286 9558.460516436899 -24704.66756949302 -24840.861195817997 9564.02786985775 9532.981697713174 9564.73316306008 9557.259326710746 -24815.593270760644 -24834.590015818794
0 14 9338.601954565947 9307.841397028877 -23883.512259245494 -24014.987886971347 9313.226941015677 9282.94277366479 9313.788226802008 9306.623681866608 -23990.632457489504 -24008.95033482043
0 15 -10833.273344437694 -10797.44223309633 -17032.758164379742 -17122.282283300163 -10803.653357105211 -10768.222596289776 -10804.27236563086 -10795.916402865754 -17112.611172001485 -17127.142072845614
0 16 131764.52105686016 131328.6988146585 -366059.1900579366 -368091.74369699345 131404.5151792071 130976.76736214473 131412.60151420604 131312.28258273116 -367666.82164334616 -367955.9474248705
0 17 79097.08295660042 78835.16425961198 -223104.4953327298 -224344.37265688938 78880.8361885589 78623.65273098456 78885.64621255528 78825.37950969988 -224085.11811871524 -224261.52927319237
0 18 -10833.260224494254 -10797.558983418612 -17032.74481203034 -17122.459941940004 -10803.69954427134 -10768.379362756572 -10804.31266517125 -10796.048110552685 -17112.539043936555 -17127.12656134404
0 19 -1272.3495702188316 -1268.019478488732 -2281.9759339956995 -2293.9929010898604 -1268.8163593644606 -1264.729757752847 -1268.9312879631736 -1267.8387826163505 -2292.9567559636916 -2294.794225692799 -39.6446369807969
1 0 144.8351286896915
1 1 144.59898720664722
1 2 -398.26925033112576
1 3 -399.3583847924147
1 4 144.64115563646473
1 5 144.403381595506
1 6 144.6448116757358
1 7 144.58745471529002
1 8 -399.1856990164846
1 9 -399.3497752979758
