## RankNet
## Epochs = 100
## No. of features = 19
## No. of hidden layers = 1
## Layer 1: 10 neurons
1 2 3 4 5 6 7 8 9 10 11 12 13 14 15 16 17 18 19
1
10
0 0 54599.10760846197 -26786.062696153254 55102.39306644085 54393.32181133276 -26737.36711131443 -26754.493188281176 -26599.422232764155 -26801.60943042515 54855.96238793139 -26759.095000822002
0 1 -358104.219707582 166085.13243284525 -361468.8540501704 -356751.0443566911 165781.77092070295 165888.0824825515 164922.67762087908 166181.59017978233 -359795.9257343084 165917.43004168768
0 2 -18796.0894881791 -37437.10820249372 -18998.890363370672 -18768.324912869837 -37368.613104497475 -37392.51157684217 -37174.64035795652 -37458.87157513397 -18927.57066721664 -37399.22173540568
0 3 0.07262209802865982 0.03578256443142891 -0.010270672850310802 -0.0303798858076334 0.0785212516784668 -0.027963275089859962 -0.09329809993505478 0.008170777931809425 -0.08443431556224823 -0.007129037287086248
0 4 -38491.24433597256 19097.433865638053 -38849.630935459725 -38345.69111666994 19062.94541995323 19075.00253658509 18965.264159983944 19108.462628726753 -38669.70989455762 19078.504195193073
0 5 -41402.501623625 20403.485155098828 -41788.184781430034 -41245.13191445886 20366.58029387556 20379.59744277659 20262.229853066005 20415.23519340359 -41594.29239593959 20383.1804785405
0 6 -42626.63872319855 20944.76614708929 -43023.561865326774 -42464.28653079527 20906.95131445631 20920.20108116412 20799.72248395167 20956.83948556237 -42824.00947612824 20923.887434184635
0 7 39561.095751474015 -19543.941315713964 39929.68817517325 39411.654358896 -19508.57656912584 -19521.04191942356 -19408.596010213027 -19555.07365115397 39744.833004347405 -19524.460529730874
0 8 -3391.485752015387 2897.1184944532215 -3421.209408108219 -3377.0117706499 2892.291942064916 2893.9276381374552 2878.262630466216 2898.8313874313967 -3402.8912310480246 2894.5660489517227
0 9 -38647.24418414274 19057.50104735158 -39008.892205333264 -38499.50601643183 19023.109596577346 19035.262566980415 18925.529784611394 19068.557393280695 -38825.55988156554 19038.624007841532
0 10 40150.98343871476 -19513.684359477767 40523.94229064713 39998.33286126278 -19478.328823005813 -19490.75480766666 -19378.21010285085 -19524.948228507965 40337.7054627954 -19494.133459299603
0 11 -0.053850166499614716 0.017034631222486496 -5.317211034707725E-4 -0.03625097870826721 0.05918975919485092 -0.00757255544885993 -0.029547978192567825 0.021501142531633377 0.015448826365172863 -0.026778370141983032
0 12 -28828.839011972417 14236.60722759265 -29093.93860336325 -28720.60288511894 14210.880021389059 14219.90080409578 14137.843087906827 14244.755675330909 -28962.22030658571 14222.297348224707
0 13 -30068.094516821926 14864.216014415899 -30344.667184941616 -29955.007611662793 14837.347455367079 14846.756220040283 14761.206760293891 14872.593425243214 -30206.934140993006 14849.367369833455
0 14 -28942.093266357937 14472.693669624676 -29208.667939363382 -28832.34271488813 14446.642156814612 14455.802597602924 14372.68869018736 14481.03165116664 -29075.156604806103 14458.34320786253
0 15 -6265.29017475601 -12478.971397298808 -6332.924169584265 -6256.065854616914 -12456.106387250933 -12464.235944681963 -12391.548330906702 -12486.35626177415 -6309.118867180208 -12466.430274842853
0 16 -356960.6603534041 165549.02776159253 -360314.5603201807 -355611.76400760567 165246.69320711543 165352.70929118156 164390.27493941766 165645.1414227275 -358646.88237398805 165381.94281880136
0 17 -209966.05804168526 96068.53144577266 -211940.33833227895 -209172.07244926857 95892.98414641999 95954.57557148028 95395.57340093776 96124.54019632432 -210958.6140312035 95971.49732171885
0 18 -6265.349414432238 -12478.947770043696 -6333.030275411058 -6256.077700842623 -12456.121461086786 -12464.289891877374 -12391.567915145231 -12486.24546851888 -6309.154546216027 -12466.363539152382
0 19 -870.5939921322035 -1069.06030720738 -879.8388305511509 -868.6934526928244 -1067.0616976446704 -1067.8493247780787 -1061.4956117393422 -1069.8044741283995 -876.0795575673733 -1068.0656448743596 -36.465674146195454
1 0 -283.515960482812
1 1 132.76388530636865
1 2 -284.8490250280606
1 3 -282.9973680623441
1 4 132.64376946679312
1 5 132.6857968421551
1 6 132.2991682918678
1 7 132.80234210487245
1 8 -284.21956899675644
1 9 132.69872256125458
