## ListNet
## Epochs = 1500
## No. of features = 19
1 2 3 4 5 6 7 8 9 10 11 12 13 14 15 16 17 18 19
0
0 0 -0.18451884498558224
0 1 0.7414700860793264
0 2 -0.006497541814568929
0 3 0.045547038596123454
0 4 0.05700143968062542
0 5 0.09183997281788371
0 6 0.0559829234571446
0 7 -0.05711151389183283
0 8 0.022794423249281475
0 9 0.030940073296361052
0 10 -0.02172519235713825
0 11 -0.0012038822285830974
0 12 0.02575216172794812
0 13 0.0035618502714890197
0 14 0.021779667999893598
0 15 0.036515052616724906
0 16 0.7376486766376423
0 17 0.5201493292869075
0 18 0.0015473004431672017
0 19 0.007165320590138436
