## ListNet
## Epochs = 1500
## No. of features = 19
1 2 3 4 5 6 7 8 9 10 11 12 13 14 15 16 17 18 19
0
0 0 -0.048906868687807956
0 1 0.7642225779003533
0 2 -0.00771044511300342
0 3 -0.004862964991480112
0 4 0.02999099148367369
0 5 0.02070810582938192
0 6 0.0392159740734215
0 7 -0.06816680530715477
0 8 0.02705118582266035
0 9 0.06470238440683182
0 10 -0.0649881952531891
0 11 -0.03138520307838917
0 12 0.050791614550380684
0 13 0.011217930266067374
0 14 0.008259189732082898
0 15 -0.024761640280398088
0 16 0.7416257818585184
0 17 0.5586911790692992
0 18 -0.018286677449836263
0 19 0.04572481252253056
