## RankNet
## Epochs = 100
## No. of features = 19
## No. of hidden layers = 1
## Layer 1: 10 neurons
1 2 3 4 5 6 7 8 9 10 11 12 13 14 15 16 17 18 19
1
10
0 0 -26655.97867110142 -26608.206565168864 54666.37823458872 54634.45975427941 54116.35461863541 -26638.81299887184 54764.18914515548 54361.35962654944 -26649.71488673843 55109.27299429663
0 1 165277.56360511715 164980.19124066396 -358593.8992580392 -358357.5256981129 -354974.97463181784 165171.3000387512 -359243.8830588516 -356569.5637982201 165238.9888357908 -361488.85358511144
0 2 -37254.74562199581 -37187.36568557483 -18819.91178301265 -18855.683297949883 -18607.611114620766 -37230.560563922845 -18856.054521597205 -18690.963639484144 -37245.87017069497 -19052.656764131927
0 3 -0.07195159792900085 0.018635964021086693 -0.09000955522060394 0.06399990618228912 -0.06900341808795929 0.08240815252065659 -0.012111818417906761 -0.08843092620372772 -0.07136806100606918 -0.07706470042467117
0 4 19005.141173116892 18971.578130603677 -38543.88625941843 -38516.53444777706 -38159.256366482565 18993.057574120478 -38612.08980647003 -38328.445137716604 19000.859002929396 -38847.383908256925
0 5 20304.782280268577 20268.872884254142 -41459.0607395534 -41428.74165172328 -41043.797978949835 20291.97529136618 -41532.62334610617 -41225.530482822156 20300.21597223915 -41786.13313895632
0 6 20843.45009421247 20806.577704766492 -42684.46711587622 -42653.090821400074 -42257.115659186165 20830.199806825338 -42760.38085894624 -42443.959504336985 20838.67626379785 -43021.413361362065
0 7 -19449.54395761027 -19414.94456461944 39615.39752298639 39587.51569489775 39220.35783762161 -19437.136983125743 39685.132011873735 39394.10454979973 -19445.055464719942 39927.15683625372
0 8 2883.780981577875 2879.008597015375 -3397.349308234064 -3391.724079412881 -3365.786891041098 2882.203651030349 -3403.5269766179067 -3378.8157992692413 2883.268457307325 -3417.221336168805
0 9 18965.42176087505 18931.934866785316 -38702.61591238544 -38671.84616227699 -38313.34274971779 18953.391280531683 -38770.65281385934 -38482.519004843365 18961.196914924738 -39005.233665282525
0 10 -19418.961061568567 -19384.39502855909 40203.357621506155 40174.792287252596 39802.82273479727 -19406.673807984804 40275.155993617016 39977.93502807273 -19414.62004853919 40522.66816319621
0 11 -0.07924533635377884 0.09488396346569061 3.5209060297347605E-4 0.05089247226715088 0.02204640582203865 -0.0651235431432724 -0.0018543421756476164 0.08758942037820816 0.043564796447753906 0.058626286685466766
0 12 14167.820654271034 14142.64064905532 -28863.814166132244 -28846.082775532122 -28575.453093441432 14158.712337439498 -28917.5391714834 -28703.567845948393 14164.57316959273 -29097.013380536864
0 13 14792.439072349925 14766.066869855942 -30105.238368297283 -30086.5036726428 -29804.39573957654 14782.9853849106 -30160.96881013748 -29938.093438368152 14788.898804226794 -30347.723286180106
0 14 14402.798905154483 14377.322283924257 -28978.68932985615 -28958.91185156021 -28690.194037785637 14393.617279807739 -29031.635214192098 -28817.3604873458 14399.482985516825 -29209.206976562666
0 15 -12418.244439918544 -12395.841577452553 -6273.375148939272 -6285.162539427 -6202.5722117090445 -12410.237746976394 -6285.4348355695065 -6230.312893683125 -12415.208216247216 -6350.783784974461
0 16 164744.0060565276 164447.70255772132 -357448.7027525432 -357213.23509754916 -353841.5014183869 164638.08558017237 -358096.92055894557 -355430.8004560231 164705.5694786135 -360334.51124968624
0 17 95601.5567568259 95429.28317255208 -210254.9477933047 -210115.97404046005 -208131.43526634164 95539.9329026965 -210636.346214568 -209067.35489493445 95579.11072507815 -211953.5339607727
0 18 -12418.332642033696 -12395.838816733045 -6273.260158820381 -6285.315412518398 -6202.4701872702535 -12410.201854554083 -6285.2743966444805 -6230.270692108232 -12415.343199850127 -6350.851821089382
0 19 -1063.7948344499357 -1061.8930695247666 -871.5406383721702 -872.7293183612145 -861.838156409065 -1063.0986217743205 -873.1214090528046 -865.537535335833 -1063.6482442357608 -881.2408560220662 -36.44458474632607
1 0 132.4414269175497
1 1 132.3232799011789
1 2 -283.65734593243326
1 3 -283.6484610543679
1 4 -282.1190304117336
1 5 132.39888869500928
1 6 -283.9121363570861
1 7 -282.7677646467057
1 8 132.42592407861667
1 9 -284.9606117233313
