## RankNet
## Epochs = 100
## No. of features = 19
## No. of hidden layers = 1
## Layer 1: 10 neurons
1 2 3 4 5 6 7 8 9 10 11 12 13 14 15 16 17 18 19
1
10
0 0 509478.65919111005 509979.0902514536 510745.6724079549 509961.77682378783 509794.78619303904 -188198.72323998704 510572.767868261 -188915.4541665616 510497.3823006163 508268.6611897241
0 1 -369068.90775863914 -369430.8424927806 -369989.89819644456 -369420.2144299987 -369299.97640850395 131618.72976639718 -369862.55836874136 132121.39846836426 -369807.4984496816 -368191.47057508264
0 2 -51358.13953950176 -51395.23698943155 -51493.59892282186 -51413.45794346421 -51405.36805963138 -32361.09296462253 -51454.380924672754 -32485.238419318386 -51445.11668877402 -51251.666640442214
0 3 -0.003942370414733887 0.09043501317501068 0.09919026494026184 0.0025451064575463533 0.029535656794905663 -0.023524845018982887 -0.08862630277872086 -0.04207199811935425 -0.08249083161354065 0.008237719535827637
0 4 -34795.08959624488 -34828.65787264836 -34881.612383093794 -34828.271988163295 -34816.756030084594 13346.868376484283 -34869.78774278519 13397.749637804507 -34864.09866079166 -34712.85856708928
0 5 -37654.75198776739 -37689.96026819802 -37748.68659785655 -37690.77998293787 -37678.551499171364 14389.876785666658 -37735.02185651734 14444.597878685274 -37729.10175233562 -37565.75564517893
0 6 -37355.87766334636 -37390.204910312255 -37449.40944561086 -37391.841203270684 -37379.94026416559 14285.11829296069 -37435.3228827146 14339.667358151253 -37429.09515585341 -37267.9260886236
0 7 34540.08207119965 34572.86086577562 34625.881858105335 34572.84232829364 34561.63180328795 -13251.409108677684 34614.019376664044 -13301.915297065994 34608.32453433779 34458.36624914772
0 8 -10717.187285507927 -10728.568986783428 -10743.612114914069 -10727.179435720556 -10723.389013844853 4521.082038793824 -10740.575852857692 4538.316327325449 -10738.613787911792 -10692.028889972986
0 9 -35588.0310576526 -35620.8987745215 -35676.87896388031 -35622.21196588804 -35610.77766995174 13675.114980022086 -35663.71383096851 13727.157525534032 -35657.92651993191 -35504.240556597775
0 10 30939.271852526592 30967.02302580715 31017.286963055547 30969.445194378426 30959.76242916805 -11793.689753548455 31004.795685526668 -11838.671064354598 30999.814495783565 30866.64454333424
0 11 -0.08787669241428375 -0.09494291990995407 0.05568958446383476 -0.07121775299310684 -0.00858618039637804 0.011315077543258667 -0.08185411244630814 0.00620192289352417 -0.03212747722864151 0.0372941792011261
0 12 -23850.838296874314 -23871.392077845456 -23911.468319460706 -23874.322181658372 -23866.86724629792 9188.067217166632 -23901.018164199395 9223.09870257791 -23896.913859849315 -23795.332244211026
0 13 -24829.53558672284 -24850.946808173456 -24892.455649224976 -24853.891226420383 -24846.069162829594 9549.148849389123 -24881.824201724194 9585.37450204726 -24877.479696085542 -24771.951497443442
0 14 -24004.04025511852 -24024.822925761433 -24065.05103851932 -24027.625460966938 -24019.988038710315 9298.582551744421 -24054.72719945454 9333.965101325804 -24050.284193038446 -23948.39193526344
0 15 -17119.343549418845 -17131.75083354606 -17164.560213748737 -17137.751009900305 -17135.042612127403 -10787.055226474755 -17151.365459568144 -10828.399859602732 -17148.31647559607 -17083.787048355796
0 16 -367910.05367536226 -368270.9523871974 -368828.19481400895 -368260.3404479767 -368140.2734579897 131203.17242935678 -368701.03173272597 131704.26031099097 -368646.22876707924 -367035.24896775413
0 17 -224234.11900949338 -224454.26877402043 -224794.5475303076 -224447.8014889659 -224374.67850127423 78759.6169187779 -224716.78086784226 79060.6680750925 -224683.21086443157 -223700.26577785655
0 18 -17119.41795459728 -17131.68100918387 -17164.562868587112 -17137.81870630308 -17135.211710690895 -10786.9179369395 -17151.350738934525 -10828.48666595964 -17148.286775816025 -17083.944656872303
0 19 -2293.802874738943 -2295.0809232803404 -2299.7502695658054 -2296.168165130046 -2295.843084924156 -1266.8588166519742 -2297.948642151187 -1271.680647920638 -2297.442311847354 -2288.971285480117 -39.5744143438463
1 0 -399.28689009281146
1 1 -399.46544121679824
1 2 -399.7981712520856
1 3 -399.4897865462475
1 4 -399.4419211430216
1 5 144.53106151403202
1 6 -399.69257284515635
1 7 144.80841374012476
1 8 -399.64703430134995
1 9 -398.8398123848458
