## RankNet
## Epochs = 100
## No. of features = 19
## No. of hidden layers = 1
## Layer 1: 10 neurons
1 2 3 4 5 6 7 8 9 10 11 12 13 14 15 16 17 18 19
1
10
0 0 509868.90746149747 504837.84328536637 507915.29206484917 508189.08400791587 509544.14331731346 509034.68273785786 -190354.2108940225 505305.4620030935 508923.98196595814 508840.5696107605
0 1 -369355.4183370925 -365701.3044679015 -367936.5290645018 -368135.63007791934 -369118.37980833545 -368749.9271015641 133130.21596479358 -366040.46354031144 -368669.6737581622 -368607.0763633897
0 2 -51389.38612688704 -50893.71145192203 -51200.84846074353 -51229.90619592425 -51344.76729605689 -51314.930839343826 -32733.25924728586 -50939.30298390691 -51303.900490952015 -51278.49945045808
0 3 0.03921324014663696 -0.0017307281959801912 -0.07764381915330887 -0.08176903426647186 -0.028938019648194313 0.03574243187904358 -0.08582887053489685 0.09884781390428543 -0.01906844973564148 -0.055637530982494354
0 4 -34822.97018916686 -34479.91961328261 -34689.94074503604 -34707.77184213997 -34801.454920970704 -34765.55386361573 13500.313005782968 -34511.420758008775 -34758.036772916974 -34752.64340357338
0 5 -37684.04606830344 -37312.89531612333 -37540.25920161428 -37560.03660562373 -37660.49642194 -37622.71019819673 14555.265614322578 -37347.3814360006 -37614.73981878118 -37607.41494841745
0 6 -37384.632081203235 -37016.69072160039 -37242.26590619705 -37261.934576169726 -37360.91051685624 -37323.93159460185 14449.423147929938 -37050.87819656414 -37316.229757573485 -37308.0861526996
0 7 34567.4161137236 34226.90975151352 34435.341716035895 34453.12406335264 34546.13612154464 34510.50679144361 -13403.706825002764 34258.23779007906 34503.21997751056 34497.565781871774
0 8 -10726.948408840906 -10622.249046164206 -10685.81507734181 -10690.384178281642 -10721.565879455571 -10708.118306476996 4573.3495917446035 -10630.753269928795 -10706.059706080752 -10706.197702900095
0 9 -35615.73077372557 -35265.13302459031 -35479.962615152595 -35498.95201701843 -35593.472953131786 -35558.22821998892 13832.468626718523 -35297.95290361067 -35550.73654448192 -35542.97873468136
0 10 30962.800453057036 30658.429664269683 30845.132586342497 30861.314728685375 30942.968263014645 30912.96669165503 -11929.561234474017 30686.700812164396 30906.493059066022 30898.74064833602
0 11 0.08353845775127411 0.015796035528182983 0.04101747274398804 -0.04549882560968399 -0.006843769457191229 -0.07809241116046906 0.09294696897268295 0.05564834550023079 0.07581053674221039 0.07700435817241669
0 12 -23869.54937087908 -23635.86741538347 -23778.71925330324 -23791.063398000173 -23853.631422792678 -23830.706847220914 9294.110689164585 -23657.185428857287 -23826.252789706665 -23819.238616552553
0 13 -24849.175128033945 -24605.75717301394 -24754.52931496492 -24767.441049960595 -24832.509637056944 -24808.617885872976 9659.052045942824 -24628.07334631141 -24803.974260451083 -24796.64687455876
0 14 -24023.1694478189 -23787.61297918239 -23931.806043779423 -23944.288927764763 -24006.87832973268 -23984.172049132405 9405.850147992745 -23809.41898306071 -23979.609499593822 -23972.350128856542
0 15 -17129.801258107196 -16964.481106976065 -17066.98341371336 -17076.573599076855 -17114.87382247217 -17105.00522861675 -10911.089073804304 -16979.795190663433 -17101.363792110005 -17092.89557047856
0 16 -368195.57663576247 -364552.8717895392 -366781.29790404486 -366979.6667589728 -367959.2723528082 -367591.98829158 132709.99498226112 -364891.1409980551 -367512.10710113635 -367449.8089922732
0 17 -224413.13291992465 -222189.7534587974 -223549.6856159121 -223670.98512931235 -224268.59068752744 -224044.74722907954 79666.50447859878 -222396.26816039477 -223995.86835884218 -223957.57869493487
0 18 -17129.795189799755 -16964.484804580006 -17066.94199210174 -17076.52604675575 -17114.947664878437 -17105.011762137976 -10911.168955306968 -16979.733553799197 -17101.282174799355 -17092.76949831021
0 19 -2295.040647061394 -2273.0912493555516 -2286.5626324306268 -2287.8865991243238 -2293.2327381139044 -2291.7069242562256 -1281.426693471634 -2274.930340724699 -2291.321098457991 -2289.8510503854645 -39.47068063906756
1 0 -399.3999161126156
1 1 -397.4451408957843
1 2 -398.6553672448419
1 3 -398.7555932599894
1 4 -399.2594769453018
1 5 -399.08802550466345
1 6 145.37139691263638
1 7 -397.62129360420306
1 8 -399.04803642733674
1 9 -398.98185045782964
