## RankNet
## Epochs = 100
## No. of features = 19
## No. of hidden layers = 1
## Layer 1: 10 neurons
1 2 3 4 5 6 7 8 9 10 11 12 13 14 15 16 17 18 19
1
10
0 0 54323.05523912529 54436.51440702554 -26800.13595392822 54740.036018798644 53875.559952493924 54401.13829125291 54607.32928371455 -26787.420550071434 -26830.331551433297 -26784.15946803714
0 1 -356295.3259818215 -357077.07525179745 166175.8681477547 -359080.18077520066 -353406.7391956912 -356813.02386655484 -358246.19679468306 166097.4259000544 166364.48198837813 166076.8136214765
0 2 -18724.898172715333 -18720.31971453281 -37457.49515759108 -18824.713716632694 -18545.443539425924 -18771.458921694644 -18874.449353977925 -37439.766987898 -37500.08024274005 -37435.14989140997
0 3 0.06736841797828674 0.032402269542217255 -0.08864875137805939 0.07878592610359192 0.025929730385541916 -0.03135942295193672 -0.004356324672698975 0.05425763875246048 -0.08419343084096909 0.0968550592660904
0 4 -38297.05829674141 -38382.022950810046 19107.629005386458 -38595.09722710651 -37993.420299230784 -38351.65581064426 -38504.57303537473 19098.568951261932 19129.200185905218 19096.324192415435
0 5 -41193.567685234375 -41285.47169406386 20414.412879395946 -41514.16271198735 -40862.32044839342 -41250.619069233115 -41413.22522714719 20404.80598638661 20437.46476662513 20402.395929936087
0 6 -42411.16842812167 -42506.10701943543 20955.92703332219 -42741.451499710376 -42069.32304750401 -42469.36286300297 -42636.80884547425 20946.138780379246 20979.751616740657 20943.560175371444
0 7 39361.72190984882 39448.800599019916 -19554.230379342454 39667.80120942096 39050.503156174214 39418.00631692384 39576.03541682191 -19545.235604432295 -19576.395104539737 -19542.680318774543
0 8 -3373.914602721804 -3383.8573388018285 2898.388400190043 -3401.288509943286 -3352.0299605250584 -3376.679095771778 -3389.3962497245734 2897.1640748041573 2901.5265438291176 2896.701274146945
0 9 -38452.13376442687 -38539.174229714146 19067.786705421935 -38751.927287261846 -38142.405649163265 -38503.8255711059 -38655.67656546958 19058.8724796675 19089.225665834056 19056.428275458715
0 10 39947.694296983675 40036.499780656195 -19523.95345293098 40258.13230061768 39625.352814273814 40002.844628616345 40161.28214666647 -19514.8367929613 -19545.915518535447 -19512.453228936552
0 11 -0.0483248308300972 0.053459279239177704 -0.015828747302293777 -0.05753585696220398 0.07740692049264908 0.006292277481406927 0.05773802846670151 -0.017180096358060837 -0.035620611160993576 -0.08867842704057693
0 12 -28681.78683514119 -28743.557220696308 14244.170959608826 -28904.83270734292 -28448.023647131013 -28724.762908475663 -28834.292468750788 14237.558505640705 14260.3639341128 14235.800312997257
0 13 -29914.87846672514 -29979.402537708353 14872.10537702209 -30147.468220966854 -29671.603771036323 -29959.283601446903 -30074.313246235863 14865.257630439262 14888.924614367164 14863.432244311483
0 14 -28794.764482893832 -28858.29052712322 14480.416525229446 -29018.98547757997 -28562.71680832312 -28835.96247624101 -28947.851376971867 14473.537919430233 14496.78878489248 14471.860397313696
0 15 -6241.599302675404 -6240.215492161237 -12485.741721221577 -6275.018845419676 -6181.867175468505 -6257.2112272637605 -6291.506750158029 -12479.908004694491 -12500.026550990664 -12478.346800850351
0 16 -355157.60515448893 -355936.8689518043 165639.52707299867 -357933.4138826239 -352278.27666422265 -355673.58793626603 -357102.15207797446 165561.29457189894 165827.6703156132 165540.8032745993
0 17 -208906.47028950552 -209364.99489976125 96121.60366515897 -210540.60057459286 -207211.00591128675 -209210.6318438548 -210051.6305732917 96076.32407462677 96230.92015836065 96064.36954187157
0 18 -6241.5367553698015 -6240.131643481799 -12485.822705303646 -6274.879465318558 -6181.765195806786 -6257.13772510781 -6291.466087286348 -12479.989118865564 -12499.99958497765 -12478.463829127719
0 19 -866.7485384395807 -866.9542748518339 -1069.7167149865084 -871.9652568124518 -858.7329260740837 -868.554516953289 -872.6129691687207 -1069.2229377120227 -1070.849032546121 -1068.9971387937123 -36.38719066176055
1 0 -282.7757250682647
1 1 -282.96376034718566
1 2 132.80520136602092
1 3 -283.76488356222904
1 4 -281.5862055282422
1 5 -283.0096376523187
1 6 -283.61556922077096
1 7 132.77401946075423
1 8 132.88308061245746
1 9 132.7659153864766
